T <- 1000
y <- c(-0.052215253373898964,
        -0.1442037426774828,
        -0.015777717115948806,
        0.10320800869598386,
        0.33491672101482595,
        0.4170036362597294,
        -0.009386183341868881,
        -0.22366182700689166,
        0.6914802366671927,
        -0.13682071677114735,
        -0.09978640409639397,
        0.10361712177766529,
        0.06656738565628316,
        0.38000490868311854,
        0.47939701151461006,
        -0.3511627632424379,
        -0.19549230030740664,
        -0.28467475349550897,
        0.22559258168430163,
        0.17144928454755665,
        0.335098669822574,
        0.03410277212184548,
        0.2561070617841324,
        0.40881847963155155,
        0.2921032712657077,
        -0.11656820594729495,
        0.1607081675154969,
        -0.22112537918371047,
        -0.12509513451037058,
        0.09663948863017816,
        -0.08827429507961349,
        0.08817312360536007,
        0.1829644483282524,
        -0.33636603010347965,
        -0.3746996636275256,
        -0.41777689897122083,
        -0.4085533470423706,
        -0.1570550367253503,
        0.4597426206085423,
        0.09326740384297823,
        0.1416894847449491,
        0.4498140944439337,
        -0.021837022063103156,
        0.1803677959241022,
        -0.34099695769524213,
        0.19771140655913558,
        -0.3551772346898532,
        -0.3378380044989802,
        0.20727577732506847,
        -0.039489420167236076,
        -0.011328451128130945,
        -0.6153331488537022,
        -0.34005879727576277,
        0.19887143494669626,
        -0.03567378194697602,
        0.35218936284049307,
        -0.23472830232460665,
        -0.2050180788417199,
        -0.11795642198593596,
        0.26242626903342076,
        -0.5931949318050934,
        0.07287862068142649,
        0.09014539447613246,
        -0.3824517137406462,
        0.19628156428714527,
        0.14635908400570222,
        0.04025997711388575,
        0.4240306669377801,
        -0.2188394414227119,
        -0.2503134393229369,
        -0.32969041698745094,
        -0.21410877446821705,
        0.09333234650404952,
        -0.2028206487232442,
        0.25233447204049714,
        -0.21445623208163145,
        0.07843091784387345,
        0.1576984786772369,
        -0.040830288510194025,
        0.4354700033257176,
        0.04277624151810082,
        0.15157549210451515,
        0.6539358677103964,
        0.07266455983050246,
        0.09805250747628426,
        0.2008941601288201,
        -0.1037688403737408,
        0.31987154634966186,
        -0.03150336150182046,
        -0.19064098983577674,
        0.363622391618168,
        -0.34230412622698553,
        -0.29921401210054616,
        0.057579741062535016,
        -0.49446588703572125,
        -0.0547814069400866,
        0.2142794574867716,
        -0.3533107923447959,
        -0.18940064448255547,
        -0.09357126603878183,
        0.45299181699787416,
        -0.47153552394872705,
        0.42094520775851274,
        -0.17659216673082573,
        -0.20650712649963632,
        -0.1533227946335537,
        -0.0052899781654001015,
        -0.08485229909789004,
        -0.22910495065042608,
        -0.07244307810440313,
        -0.057909198736997514,
        -0.3397647162391573,
        0.35095085901195117,
        -0.17537884494199282,
        0.06343898462207308,
        0.3157254837483993,
        0.3102138808319904,
        -0.27534155182326003,
        -0.1623106491423447,
        0.3292426485054805,
        -0.4461679729421255,
        -0.26978604199390965,
        0.06749830010105007,
        -0.10651062751436599,
        0.597200289853607,
        0.5339942446676158,
        0.28334214552622927,
        -0.10485954424091413,
        0.25048588340738187,
        -0.049294990901551684,
        0.021749321318536224,
        0.254293034163257,
        0.4300169749729787,
        -0.7031800518340796,
        0.6314372490872553,
        -0.5014804882391963,
        -0.5663038452248175,
        -0.321972331727608,
        0.014980744496755353,
        -0.24819459984323672,
        0.12982830446193774,
        0.2866591739749854,
        0.3548110255334215,
        -0.27842475419947704,
        0.17807486320902016,
        -0.8116113540101363,
        -0.22838358829391872,
        0.20006919399432146,
        0.2094714824251977,
        -0.12193807945855907,
        0.022473973951816256,
        -0.35870441203606346,
        0.09269568517740588,
        -0.013953985274049646,
        -0.8934090955093711,
        0.14267570133938146,
        0.23573480622120985,
        0.16915719422810657,
        0.05601847037648989,
        -0.1893718667762116,
        -0.21694977771944549,
        -0.2527836625682895,
        0.07865922908295854,
        0.3219140318671407,
        -0.5638044203923,
        0.24977350335530335,
        -0.05918737050342169,
        -0.11988912279593869,
        0.19627356768203494,
        -0.2853029331239675,
        0.04897888287671519,
        -0.10349051489050178,
        0.21880982919368572,
        -0.05074191500105403,
        0.11200150539720695,
        -0.22353973030876495,
        -0.30975641885100835,
        -0.1671278862871122,
        0.4072898422809615,
        0.32745558070947856,
        -0.6321035622114718,
        0.2673668809776849,
        0.14652196602858672,
        0.06494037225756216,
        0.19255216798264024,
        0.14614945136235125,
        0.5088057902066797,
        -0.2189580080030028,
        0.05522922762057812,
        -0.0708163132368362,
        0.040041308371428296,
        -0.23234753360107396,
        0.08883458391773265,
        -0.1476741271023531,
        0.19200963796641463,
        -0.24887821609789082,
        -0.17483084360113618,
        -0.15996462540742368,
        0.22397278736417525,
        0.2233212043979123,
        -0.024700134047788647,
        -0.5518163269265932,
        0.09364620885708104,
        0.08466065644822635,
        -0.18119603665127557,
        -0.030944707779058955,
        0.4572927010238182,
        -0.11908106090006508,
        0.40328895562352346,
        -0.1270716009183346,
        0.0012083540714960589,
        0.5857356427005831,
        0.19073204373671157,
        -0.007006568795112491,
        -0.09304221508631742,
        -0.25369275446542533,
        0.36052366443829603,
        0.06694427174466766,
        -0.326130874436638,
        -0.43411343680568254,
        0.36707558900711684,
        -0.32450673690733184,
        -0.2704218680807755,
        0.15519602067319704,
        -0.2126441719694164,
        -0.2620237967435734,
        0.2825346295058019,
        0.39725360887407407,
        -0.15833933076449014,
        -0.31404844006004884,
        -0.25778687498371955,
        -0.008832491073661845,
        -0.17897806783767514,
        -0.2549268636704892,
        -0.33462495319693253,
        -0.21780265823813486,
        0.18532060878055506,
        0.23165329172111604,
        0.5991085994120718,
        -0.08477330701115932,
        -0.009592047123704867,
        0.4808700616102497,
        0.04503309163670744,
        -0.09473342832547914,
        0.2782425928210796,
        0.1289958203675705,
        -0.4860408010323619,
        -0.21260405278902877,
        0.14941813634574064,
        0.16492885375690983,
        -0.10474728842108258,
        0.34933772773887434,
        0.2624775763547761,
        -0.09494833097284468,
        0.30143095571376394,
        0.09963732144666677,
        0.3780373451646028,
        -0.4437727209357196,
        0.04928155795679607,
        -0.13715580454538026,
        -0.4661904401406419,
        0.34291451001048945,
        -0.5362525868718686,
        0.030796657185070027,
        -0.30231957534165316,
        -0.05045902902364129,
        0.5508230848213075,
        0.47169877638977176,
        -0.13778182041335882,
        -0.1699141642084266,
        0.606676790579785,
        0.08198024611112806,
        -0.49663898813607427,
