T <- 100
y <- c(-0.15748605380536526,
        -0.4011051183921381,
        -0.2560034117033931,
        -0.42681234981900973,
        0.038478757536395604,
        0.2374803620950559,
        -0.10163773275748103,
        0.14308679236888355,
        0.12646171598267145,
        0.2023110934586656,
        0.35136907219504204,
        0.7298574145881044,
        0.0608234178607062,
        -0.11450282643936141,
        0.1940162937003708,
        -0.1411716970915392,
        0.03996629284467674,
        -0.41623855255457953,
        0.19266676557711684,
        -0.000793124676724102,
        0.33801197777145925,
        0.14026362629612746,
        0.08472996829390779,
        0.09283685781636969,
        0.5465782144524818,
        0.0100172092336342,
        -0.09457538627550548,
        0.021420840325748487,
        0.1610047587412933,
        0.015057154760153166,
        -0.39702131884937214,
        0.2113972816871508,
        -0.3634785351476972,
        -0.09472901215747109,
        0.470457604753882,
        -0.19957379111335727,
        -0.07153728525003897,
        -0.11315276643881574,
        0.13521738842831543,
        0.20985118885320148,
        -0.40411170201702257,
        -0.04427759608526736,
        -0.034834947978004405,
        -0.5068000753132846,
        0.2978216000800943,
        0.15215189554320283,
        0.49110951981885265,
        0.2411219261619355,
        -0.4194193043094742,
        -0.2724577184536085,
        -0.4284287267800626,
        0.1539935497339724,
        0.17502931344856226,
        -0.13697088629366314,
        0.35858571502968933,
        0.40405680304096375,
        0.5645800253473957,
        -0.3367430962973157,
        0.5105716046917227,
        -0.34492074272828444,
        -0.017522405759534614,
        -0.003462932554490581,
        -0.3980888243056022,
        -0.043369636053293914,
        -0.14286465622123964,
        -0.09946082038308551,
        0.07448498286513475,
        0.6130875991342568,
        -0.49779430720560536,
        -0.052562965416702405,
        0.22023512487963584,
        0.06411963388695384,
        0.4025884117780109,
        0.04853109911406595,
        0.35293550587367944,
        -0.3843055021213598,
        0.049158425516422084,
        0.08177866813798412,
        0.022154694291103293,
        -0.08806663204943181,
        -0.2875844537769011,
        -0.15898363434283436,
        0.3823063830721524,
        0.24231561340744773,
        -0.3228198009288525,
        -0.2399731462888778,
        0.10257320862757871,
        -0.4199641434400146,
        -0.2678149621174671,
        -0.2070993556235017,
        0.22193562480651202,
        0.030534375026394323,
        0.1176114456009827,
        -0.34664214535459414,
        0.37182557763764035,
        0.3075728294479496,
        -0.23226345382836436,
        0.3158940293907042,
        -0.16373064094871634,
        -0.6317220908963855)